 {
	 "scaled_amount" : -0.35318941,  
 	 "scaled_time" : 0.92823624,
 	 "V1" :  -1.29844323,
 	 "V2" :   1.94810045,
	 "V3" :  -4.50994689,
 	 "V4" :  1.30580477,
        "V5" :  -0.01948593,
 	"V6" : -0.50923778,
	"V7": -2.64339762, 
 	"V8" : 1.28354519,
 	"V9" : -2.5153557,
 	"V10" : -4.50131481,
 	"V11" :  2.09307501, 
	"V12" : -5.41888894,
	"V13":  -1.24701371,
	"V14": -3.82826818,
	"V15":   0.39905034,
	"V16":   -6.36649951,
	"V17":   -7.55096809,
	"V18":   -4.90276667,
	"V19": 0.15289203,
	"V20": 0.25041544,
	"V21": 1.17803195,
	"V22": 1.36098858,
	"V23": -0.27201306,
	"V24": -0.3259479,
	"V25": 0.29070267,
	"V26": 0.84129459,
	"V27": 0.64309425, 
	"V28": 0.20115575
 }  